--------------------------------------------------------------------------------
XGBoost - Classification Report
              precision    recall  f1-score   support

           0       0.76      0.65      0.70       700
           1       0.78      0.35      0.48       100
           2       0.72      0.68      0.70       689
           3       0.93      0.44      0.60        64
           4       0.87      0.90      0.89      1166
           5       0.69      0.94      0.79      1904
           6       0.87      0.89      0.88      1235
           7       0.82      0.79      0.81       995
           8       0.76      0.41      0.54       140
           9       0.86      0.75      0.80         8
          10       0.78      0.56      0.65       240
          11       0.71      0.28      0.40        60
          12       0.72      0.73      0.72       906
          13       0.75      0.43      0.55       261
          14       0.70      0.63      0.66       786
          15       0.73      0.40      0.51       316

    accuracy                           0.76      9570
   macro avg       0.78      0.61      0.67      9570
weighted avg       0.77      0.76      0.76      9570

--------------------------------------------------------------------------------
